66.0,116.0,65.0,205.0,80.0,290.0
80.0,290.0,103.0,338.0,146.0,354.0
262.0,117.0,267.0,206.0,259.0,287.0
259.0,284.0,237.0,335.0,186.0,353.0
146.0,354.0,185.0,353.0
193.0,164.0,225.0,149.0,245.0,155.0
140.0,165.0,96.0,146.0,86.0,157.0
96.0,190.0,120.0,169.0,142.0,192.0
95.0,189.0,122.0,201.0,142.0,192.0
65.0,114.0,181.0,16.0,260.0,113.0
268.0,177.0,296.0,146.0,292.0,205.0,262.0,237.0
190.0,192.0,212.0,164.0,240.0,188.0
190.0,192.0,213.0,201.0,239.0,188.0
73.0,247.0,43.0,206.0,42.0,160.0,66.0,190.0
128.0,289.0,168.0,297.0,208.0,287.0
88.0,306.0,91.0,344.0,76.0,361.0,57.0,368.0
245.0,306.0,243.0,346.0,258.0,359.0,275.0,369.0
132.0,291.0,169.0,330.0,206.0,288.0
130.0,289.0,161.0,275.0,168.0,283.0
168.0,282.0,180.0,274.0,207.0,286.0
172.0,0.0,319.0,50.0,293.0,169.0
41.0,193.0,-24.0,49.0,168.0,2.0
176.0,254.0,184.0,249.0
150.0,249.0,157.0,254.0
476.0,333.0,475.0,333.0
188.0,233.0,201.0,255.0,182.0,259.0
147.0,232.0,136.0,254.0,153.0,259.0
